omega_rad_s,freq_hz,Magnitude_raw,Magnitude_smooth,Phase_raw_rad,Phase_smooth_rad,Magnitude_dB,Phase_deg,Real_part,Imag_part,clip_flags,input_dc_v,input_pp_v,input_rms_v,output_dc_v,output_pp_v,output_rms_v,valid_capture_count
628.377991,100.00946339780451,0.977692,0.9423526000000001,-0.186,-0.28359999999999996,-0.5157313373057836,-16.249083069910146,0.9047096963654455,-0.26368312048575177,0.0,1.647,1.205,0.424,1.64,1.17,0.414,3.0
1256.755005,200.01877130122963,0.925385,0.9012332000000001,-0.355,-0.372,-0.9032563586885649,-21.314029978866625,0.839590877408573,-0.3275796687136469,0.0,1.647,1.202,0.424,1.641,1.105,0.392,3.0
1886.269043,300.2090421946689,0.853302,0.8439394000000001,-0.505,-0.48119999999999996,-1.4737747449865672,-27.57072910169521,0.7481017677069177,-0.39061164348511834,0.0,1.647,1.196,0.424,1.641,1.021,0.362,3.0
2513.510986,400.03769793768373,0.772095,0.7713258000000001,-0.628,-0.6075999999999999,-2.255242834431454,-34.812915632148815,0.6332743231694751,-0.44034886324354605,0.0,1.647,1.196,0.424,1.64,0.931,0.327,3.0
3141.888916,500.0471516270367,0.691223,0.6947022000000002,-0.732,-0.7136,-3.164026515780567,-40.886268260535545,0.5252020639993797,-0.45472402471788487,0.0,1.647,1.197,0.424,1.64,0.819,0.293,3.0
3765.729004,599.3343853311197,0.614624,0.6202516,-0.818,-0.7996000000000001,-4.148642134979642,-45.81370529866063,0.4323113931331527,-0.444768374179002,0.0,1.647,1.188,0.424,1.64,0.732,0.26,3.0
4401.294922,700.487842841558,0.542267,0.5502686000000001,-0.885,-0.8716,-5.188505372917494,-49.939001423602555,0.3541544095576342,-0.42115340000627277,0.0,1.647,1.207,0.424,1.64,0.651,0.23,3.0
5014.937988,798.152170089524,0.481049,0.4859376000000001,-0.935,-0.9264000000000001,-6.268389911691218,-53.07881014091947,0.2919104591919239,-0.3884889122074403,0.0,1.647,1.198,0.424,1.64,0.579,0.204,3.0
5669.060059,902.2589310746819,0.42218,0.4274354,-0.988,-0.9676000000000001,-7.382590252329627,-55.439396256858466,0.24247453936931043,-0.35200443027155315,0.0,1.647,1.206,0.424,1.64,0.508,0.179,3.0
6283.186035,1000.0001158362165,0.369568,0.3746522,-1.006,-0.9952000000000001,-8.527434256643645,-57.020759771419534,0.20393635279837985,-0.31428368550106883,0.0,1.647,1.196,0.424,1.64,0.451,0.157,3.0
6912.195801,1100.110129348193,0.322113,0.326294,-1.024,-1.0112,-9.72781824173249,-57.93749224362885,0.1732112579688958,-0.27652420246487036,0.0,1.647,1.206,0.424,1.64,0.39,0.137,3.0
7542.839844,1200.4802461231006,0.278351,0.2829712,-1.023,-1.0126,-10.965155269553435,-58.01770633494716,0.14987772310762426,-0.2400195161763191,0.0,1.648,1.207,0.424,1.644,0.337,0.118,3.0
8170.592773,1300.3902278138664,0.239258,0.2437316,-1.015,-0.9984000000000001,-12.261763210647336,-57.2041062658614,0.1320167257025319,-0.2048821050588422,0.0,1.647,1.208,0.424,1.644,0.297,0.102,3.0
8799.978516,1400.5600799238814,0.205566,0.208844,-0.995,-0.9678000000000001,-13.603559946337016,-55.45085541276108,0.11843812862647339,-0.1720122845132258,0.0,1.647,1.206,0.424,1.64,0.25,0.087,3.0
9420.068359,1499.250443598409,0.17337,0.17786259999999998,-0.935,-0.9140000000000001,-14.99830726892393,-52.36834247495725,0.10859985019131733,-0.14085871296154678,0.0,1.648,1.194,0.424,1.644,0.216,0.074,3.0
10053.09668,1600.000030002722,0.147675,0.1510254,-0.871,-0.8246000000000001,-16.419000106830012,-47.24609978648769,0.10252370310564965,-0.1108943720243034,0.0,1.648,1.193,0.424,1.64,0.192,0.063,3.0
10685.689453,1700.6802967898814,0.123444,0.128528,-0.754,-0.6946000000000001,-17.820045007613412,-39.79764844978699,0.09874932126964947,-0.08226796662604198,0.0,1.647,1.206,0.424,1.639,0.154,0.052,3.0
11300.693359,1798.5612084506047,0.105072,0.111548,-0.568,-0.5206000000000001,-19.050764239875473,-29.82818281451066,0.09677022084067974,-0.05548405773234392,0.0,1.647,1.202,0.424,1.639,0.132,0.045,3.0
11945.21875,1901.1406103764912,0.093079,0.1005432,-0.345,-0.3062,-19.952945930950175,-17.54396768690581,0.09586652495594881,-0.030307498397433633,0.0,1.647,1.199,0.424,1.639,0.118,0.04,3.0
12566.371094,2000.0000763372086,0.08847,0.09625840000000001,-0.065,-0.06699999999999998,-20.33122722818797,-3.838817227376514,0.0960424288305518,-0.006444488722031742,0.0,1.647,1.207,0.424,1.639,0.114,0.038,3.0
13199.969727,2100.8404307154265,0.092651,0.0981688,0.201,0.16620000000000001,-20.160530354410767,9.522558555074284,0.0968160871803356,0.01624064520053484,0.0,1.647,1.21,0.424,1.639,0.118,0.04,3.0
13824.390625,2200.2201032020066,0.10202,0.1057738,0.442,0.3794,-19.512437860483484,21.738018747263435,0.09825190994854961,0.039174723456612895,0.0,1.647,1.197,0.424,1.639,0.131,0.043,3.0
14444.103516,2298.8504731024254,0.114624,0.11727900000000002,0.598,0.552,-18.615594915507348,31.627270291221446,0.09986042306692672,0.06150007923486291,0.0,1.647,1.199,0.424,1.639,0.145,0.049,3.0
15085.679688,2400.9604922462013,0.131104,0.13147580000000003,0.721,0.6852,-17.623083558488844,39.259068122364006,0.10180072547734847,0.0832015521365169,0.0,1.647,1.204,0.424,1.639,0.165,0.056,3.0
15707.963867,2500.0000953419335,0.145996,0.1470032,0.798,0.7764,-16.653464226503708,44.484443213957114,0.10487807057582028,0.10300743236550097,0.0,1.647,1.203,0.424,1.64,0.183,0.062,3.0
16341.18457,2600.780300292508,0.163635,0.1634826,0.867,0.8440000000000001,-15.730569279170483,48.357637909041486,0.10863074174980135,0.12217169250545712,0.0,1.648,1.208,0.424,1.64,0.203,0.069,3.0
16958.666016,2699.0555246909394,0.179657,0.17976060000000002,0.898,0.8892000000000001,-14.906109820205977,50.947407143032805,0.11325519683313372,0.13959632410148967,0.0,1.647,1.207,0.424,1.64,0.225,0.076,3.0
17599.957031,2801.1201596886085,0.197021,0.19635000000000002,0.936,0.922,-14.13938188787126,52.826708711061904,0.1186401173035479,0.15645397107839865,0.0,1.647,1.209,0.424,1.64,0.246,0.084,3.0
18212.132813,2898.550961435055,0.212494,0.21248780000000003,0.947,0.9436,-13.453319998840929,54.06429754854448,0.12470420267006928,0.1720462931459504,0.0,1.647,1.201,0.424,1.64,0.264,0.09,3.0
18849.556641,3000.0001145058127,0.228943,0.22837520000000003,0.962,0.9598,-12.827021186101014,54.99248917665641,0.13101515551114007,0.18705683895926337,0.0,1.647,1.207,0.424,1.64,0.307,0.097,3.0
19472.681641,3099.17353841995,0.244324,0.24406140000000004,0.975,0.9708,-12.25001803661194,55.62274275130032,0.13780669265219733,0.20143307183832262,0.0,1.647,1.207,0.424,1.64,0.301,0.104,3.0
20095.476563,3198.2944287887817,0.259094,0.25932020000000006,0.979,0.9796000000000001,-11.723273042411297,56.12694561101545,0.14453333257153808,0.21530694810852063,0.0,1.647,1.194,0.424,1.64,0.32,0.11,3.0
20736.585938,3300.330154882587,0.275452,0.27402360000000003,0.991,0.9844000000000002,-11.244240648088377,56.401965352678246,0.15163451538139444,0.2282452783783482,0.0,1.647,1.202,0.424,1.644,0.337,0.117,3.0
21371.378906,3401.3605935797627,0.288788,0.2884828,0.991,0.9866000000000001,-10.79760150720274,56.52801606760703,0.1591066798225396,0.24063954440550261,0.0,1.647,1.205,0.424,1.64,0.349,0.122,3.0
21994.814453,3500.583442584012,0.30246,0.3027162,0.986,0.9876,-10.37928673895592,56.5853118471201,0.16670421928829682,0.2526792453169026,0.0,1.648,1.201,0.424,1.644,0.377,0.128,3.0
22628.519531,3601.4407382101476,0.31662,0.3164368,0.986,0.9856,-9.99426031969563,56.470720288093936,0.17478799652097363,0.2637828740961477,0.0,1.647,1.206,0.424,1.64,0.387,0.134,3.0
23242.363281,3699.137005308713,0.330261,0.3299866,0.984,0.9822000000000001,-9.630073909364379,56.27591463774946,0.18320661538919966,0.2744567220113107,0.0,1.647,1.206,0.424,1.64,0.404,0.14,3.0
23890.4375,3802.2812207529823,0.344055,0.34328000000000003,0.981,0.98,-9.287029969507689,56.14986392282068,0.1912146998539071,0.28509313734248365,0.0,1.647,1.208,0.424,1.64,0.419,0.146,3.0
24511.777344,3901.1705282655294,0.356537,0.35609740000000006,0.974,0.9762,-8.96862394520491,55.93213996067096,0.19947665005051357,0.29498207466113086,0.0,1.647,1.203,0.424,1.64,0.435,0.151,3.0
25132.742188,4000.000152674417,0.368927,0.3688232000000001,0.975,0.9708000000000001,-8.663635368686984,55.62274275130032,0.20825212575769825,0.30440368751978003,0.0,1.647,1.198,0.424,1.64,0.455,0.156,3.0
25750.761719,4098.361015960401,0.380707,0.38074340000000007,0.967,0.9652000000000001,-8.387352324167942,55.301886386027064,0.2167391152291154,0.3130330534835903,0.0,1.647,1.204,0.424,1.64,0.466,0.161,3.0
26399.939453,4201.680861271698,0.39389,0.3927918,0.957,0.9606000000000001,-8.116751744174449,55.03832580026689,0.2250808440892549,0.3219068370993517,0.0,1.648,1.205,0.425,1.64,0.482,0.167,3.0
27024.453125,4301.075299198968,0.403656,0.404297,0.953,0.9540000000000001,-7.865989624886226,54.66017365548054,0.23385540435615737,0.3297995058553274,0.0,1.648,1.194,0.424,1.641,0.497,0.171,3.0
27648.78125,4400.440206404013,0.416779,0.41586320000000004,0.951,0.9472,-7.620990178613494,54.27056235479158,0.24284679629232836,0.33759092796577395,0.0,1.648,1.201,0.424,1.645,0.513,0.177,3.0
28270.800781,4499.437689462366,0.426453,0.4268618,0.942,0.9416,-7.394254172204549,53.949705989518314,0.2512061108414529,0.3451180757004068,0.0,1.647,1.199,0.424,1.64,0.523,0.181,3.0
28888.207031,4597.700946045697,0.438538,0.4378726,0.933,0.9354000000000001,-7.173044601117934,53.594472156537215,0.2598758727306165,0.35241586883008036,0.0,1.648,1.209,0.424,1.645,0.533,0.186,3.0
29533.1875,4700.352775884775,0.448883,0.44808359999999997,0.929,0.9274000000000001,-6.972819022200783,53.136105920432556,0.2688125976481376,0.3584950486891283,0.0,1.647,1.21,0.424,1.64,0.54,0.19,3.0
30171.359375,4801.920984333248,0.45871,0.4582092,0.922,0.9198000000000002,-6.778723904454819,52.70065799613313,0.2776652741635094,0.3644964560710339,0.0,1.648,1.204,0.424,1.641,0.555,0.194,3.0
30799.929688,4901.961056728018,0.467834,0.46828600000000004,0.911,0.9126000000000001,-6.589776516091572,52.288128383638934,0.286446316462371,0.37045955998076124,0.0,1.647,1.189,0.424,1.64,0.574,0.198,3.0
31415.927734,5000.000190683867,0.477081,0.4778564,0.904,0.9050000000000001,-6.41405186094708,51.85268045933951,0.2951650075588875,0.375798293415127,0.0,1.647,1.209,0.424,1.64,0.575,0.202,3.0
32057.070313,5102.041201358403,0.488922,0.48743280000000005,0.897,0.8972,-6.2417049983185455,51.40577337913746,0.3040609920538562,0.3809693526086644,0.0,1.648,1.206,0.424,1.645,0.593,0.207,3.0
32656.890625,5197.505568980126,0.496735,0.49689940000000005,0.891,0.89,-6.074630553189422,50.99324376664327,0.3127544583572541,0.38612648510303027,0.0,1.647,1.198,0.424,1.641,0.612,0.211,3.0
33314.875,5302.227034738607,0.506592,0.5062134,0.883,0.8834000000000001,-5.913327255896971,50.61509162185693,0.3212060469425827,0.3912527082936032,0.0,1.647,1.206,0.424,1.641,0.62,0.215,3.0
33926.488281,5399.568311670409,0.515167,0.5148866000000001,0.875,0.8760000000000001,-5.765768212077722,50.19110285346012,0.32964533009171193,0.3955277072573884,0.0,1.647,1.206,0.424,1.641,0.619,0.218,3.0
34560.976563,5500.550258084593,0.523651,0.5238708000000001,0.871,0.8692000000000001,-5.615516159778958,49.80149155277116,0.3381260187212011,0.4001392389611272,0.0,1.648,1.206,0.424,1.641,0.641,0.222,3.0
35180.210938,5599.104469798263,0.532288,0.5322692,0.86,0.8614000000000002,-5.477373274968617,49.35458447256912,0.3467073023307669,0.4038620405276562,0.0,1.647,1.204,0.424,1.641,0.643,0.226,3.0
35822.039063,5701.254588507416,0.541656,0.5406616,0.857,0.8548000000000001,-5.341489494018198,48.976432327782774,0.35487373583237425,0.407896552242029,0.0,1.647,1.206,0.424,1.641,0.654,0.23,3.0
36445.390625,5800.4640708837715,0.548584,0.5490174,0.844,0.8473999999999999,-5.208277824869336,48.55244355938596,0.3634134165115162,0.41152253182807286,0.0,1.647,1.195,0.424,1.641,0.67,0.233,3.0
37068.941406,5899.705259948732,0.557129,0.5572082,0.842,0.841,-5.079650020534071,48.18575057050223,0.3715006526127166,0.41529296075850564,0.0,1.647,1.207,0.424,1.641,0.677,0.236,3.0
37699.113281,6000.00022885247,0.56543,0.5648560000000001,0.834,0.8333999999999999,-4.961245074628726,47.750302646202805,0.3797882168106581,0.4181186567324886,0.0,1.648,1.191,0.424,1.645,0.686,0.24,3.0
38312.105469,6097.560965649388,0.573242,0.5723572,0.828,0.8264000000000001,-4.846656991564301,47.349232189611236,0.3877879912711895,0.4209670274709123,0.0,1.648,1.202,0.424,1.645,0.693,0.243,3.0
38945.363281,6198.347076680745,0.579895,0.5796204,0.819,0.8196000000000001,-4.737126754855076,46.95962088892228,0.395598812232977,0.423628832654268,0.0,1.647,1.206,0.424,1.64,0.701,0.246,3.0
39599.910156,6302.521447322348,0.58609,0.5868102000000001,0.809,0.8124000000000002,-4.63004691616557,46.54709127642809,0.4035835032143708,0.4259889279749604,0.0,1.647,1.205,0.424,1.64,0.715,0.249,3.0
40190.953125,6396.588857418408,0.593445,0.5934936,0.808,0.8048000000000001,-4.531679198877625,46.11164335212866,0.4114426355205091,0.4277260933318161,0.0,1.647,1.202,0.424,1.641,0.725,0.252,3.0
40844.109375,6500.541903217274,0.601379,0.6007324,0.798,0.7986000000000002,-4.4263788822198915,45.75640951914755,0.4191371979061985,0.4303526760008589,0.0,1.648,1.199,0.424,1.641,0.733,0.255,3.0
41473.171875,6600.66030960602,0.606659,0.6076904,0.79,0.792,-4.326352487467291,45.378257374361205,0.42685583681408873,0.4325294404198447,0.0,1.647,1.204,0.424,1.641,0.738,0.257,3.0
42074.902344,6696.428688156374,0.616089,0.6147338,0.788,0.7856000000000001,-4.22625814689055,45.01156438547748,0.434594694924524,0.43477016457652645,0.0,1.648,1.207,0.424,1.645,0.748,0.261,3.0
42742.757813,6802.72118731868,0.62088,0.6211548,0.776,0.7790000000000001,-4.136003087999768,44.633412240691136,0.4420239810418186,0.43640358127194834,0.0,1.647,1.206,0.424,1.641,0.749,0.263,3.0
43375.046875,6903.353116998918,0.628662,0.627716,0.776,0.7726000000000002,-4.04473602749077,44.266719251807416,0.44950635639826914,0.43814542359078945,0.0,1.648,1.206,0.424,1.645,0.766,0.267,3.0
43982.296875,6999.999956191471,0.633484,0.6337036000000001,0.765,0.7654000000000001,-3.96227651377755,43.85418963931321,0.456967015041689,0.4390460110476451,0.0,1.647,1.198,0.424,1.641,0.765,0.269,3.0
44606.792969,7099.391596493153,0.639465,0.6397156,0.758,0.7594000000000001,-3.8802611703819,43.51041496223472,0.46395324831022583,0.4404355029578678,0.0,1.648,1.202,0.424,1.641,0.775,0.271,3.0
45249.277344,7201.64616063371,0.646027,0.6453492,0.752,0.7520000000000001,-3.8041044795407037,43.086426193837916,0.47131409231687404,0.4408385377030473,0.0,1.648,1.205,0.424,1.645,0.787,0.274,3.0
45862.667969,7299.270310648687,0.65094,0.6510194,0.746,0.7454000000000001,-3.728121390313182,42.70827404905157,0.47837989775524514,0.4415641885389272,0.0,1.647,1.196,0.424,1.641,0.784,0.276,3.0
46492.914063,7399.577091873145,0.65683,0.6567018,0.739,0.7392,-3.6526358664516785,42.353040216070454,0.48530772140641365,0.44241798072247784,0.0,1.647,1.204,0.424,1.641,0.791,0.278,3.0
47140.726563,7502.679653444863,0.661835,0.6619874,0.732,0.733,-3.5830055333373796,41.99780638308934,0.4919694694233271,0.44293719522533886,0.0,1.647,1.206,0.424,1.641,0.807,0.28,3.0
47754.9375,7600.434360169519,0.667877,0.6675294,0.727,0.727,-3.5105920381714846,41.65403170601085,0.4987590465369109,0.44366080890918413,0.0,1.647,1.198,0.424,1.641,0.812,0.283,3.0
48385.367188,7700.7703612866,0.672455,0.6727784000000001,0.721,0.7205999999999999,-3.442559206016061,41.28733871712711,0.5055323926757038,0.44392316391706593,0.0,1.647,1.205,0.424,1.641,0.815,0.285,3.0
49032.664063,7803.790858590786,0.67865,0.6780396000000001,0.716,0.7152000000000001,-3.3748988200257335,40.97794150775648,0.5118942020805212,0.44463695870283515,0.0,1.648,1.197,0.424,1.641,0.821,0.288,3.0
49620.414063,7897.3341763930475,0.683075,0.6829164,0.707,0.709,-3.31264915450637,40.62270767477536,0.5183426511979379,0.44462985205455213,0.0,1.647,1.206,0.424,1.641,0.834,0.29,3.0
50265.484375,8000.000305189679,0.688141,0.6880616,0.705,0.703,-3.2474535799841355,40.27893299769687,0.5249263886056034,0.4448382312032535,0.0,1.647,1.189,0.424,1.641,0.83,0.292,3.0
50875.996094,8097.16626308406,0.692261,0.6928346000000001,0.696,0.697,-3.1874086376590154,39.93515832061838,0.5312457532035114,0.44474457013030966,0.0,1.647,1.206,0.424,1.641,0.843,0.294,3.0
51501.523438,8196.722031920803,0.698181,0.6976868,0.691,0.6914,-3.12678987297814,39.61430195534512,0.5374658920672283,0.44485647770783177,0.0,1.648,1.208,0.424,1.641,0.853,0.296,3.0
52142.617188,8298.755271218623,0.702515,0.7022950000000001,0.686,0.6852,-3.069608470778333,39.259068122364006,0.5437817491820885,0.4444318578606491,0.0,1.647,1.202,0.424,1.641,0.856,0.298,3.0
52799.878906,8403.361722543395,0.707336,0.7072876000000001,0.679,0.6802,-3.0080791159922784,38.9725892247986,0.5498785835702901,0.44484749346769575,0.0,1.647,1.208,0.424,1.641,0.857,0.3,3.0
53417.089844,8501.59389425648,0.711182,0.711792,0.674,0.6748000000000001,-2.9529379488794714,38.66319201542795,0.555789910428028,0.4446857617806136,0.0,1.647,1.204,0.424,1.641,0.857,0.302,3.0
54048.90625,8602.150598397937,0.717224,0.7162719999999999,0.671,0.6692000000000001,-2.8984405128647017,38.342335650154695,0.5617851684683427,0.44434558901039595,0.0,1.648,1.205,0.424,1.645,0.874,0.304,3.0
54636.398438,8695.65288414601,0.720703,0.7205262,0.664,0.6644000000000001,-2.8470044522101423,38.0673159084919,0.5672608231930993,0.4442669955744262,0.0,1.648,1.206,0.424,1.641,0.866,0.305,3.0
55277.292969,8797.654416755222,0.724915,0.7248962,0.658,0.6594000000000001,-2.794483537397206,37.78083701092649,0.5729289311924282,0.4441023987518441,0.0,1.648,1.21,0.424,1.641,0.89,0.307,3.0
55933.402344,8902.077466995406,0.728607,0.7287110000000001,0.655,0.6536,-2.748893493729631,37.448521489750604,0.5785236436451886,0.4430915427589371,0.0,1.648,1.206,0.424,1.641,0.886,0.309,3.0
56548.667969,9000.00003252868,0.733032,0.7330384000000001,0.649,0.6490000000000001,-2.697465487496949,37.18496090399044,0.5840033269749746,0.4430410928533842,0.0,1.647,1.196,0.424,1.641,0.889,0.311,3.0
57177.625,9100.101653004733,0.736298,0.7372924000000001,0.642,0.6448,-2.6472048555084586,36.94431863003548,0.5892588250327361,0.44314119670687285,0.0,1.648,1.203,0.424,1.641,0.892,0.312,3.0
57820.726563,9202.454445666306,0.74234,0.7413086000000001,0.641,0.64,-2.600019231050132,36.66929888837269,0.594600483343144,0.44270611656273706,0.0,1.648,1.193,0.424,1.645,0.906,0.315,3.0
58418.046875,9297.5209259303,0.746185,0.7450624000000001,0.637,0.6348000000000001,-2.5561470593748403,36.371360834904664,0.5999170292019219,0.44183428790362184,0.0,1.648,1.193,0.424,1.645,0.907,0.316,3.0
59089.519531,9404.389118283743,0.748688,0.7491944000000001,0.631,0.6310000000000001,-2.5081095500734305,36.15363687275495,0.6049279977087251,0.4419891023311241,0.0,1.648,1.198,0.424,1.641,0.926,0.317,3.0
59713.488281,9503.696829181114,0.751801,0.7524720000000001,0.623,0.6256,-2.4701931165889848,35.8442396633843,0.6099627690462177,0.4406353721178892,0.0,1.648,1.212,0.424,1.641,0.915,0.318,3.0
60286.429688,9594.883286207189,0.756958,0.7557130000000001,0.623,0.6198,-2.432862137099992,35.51192414220842,0.6151463369829125,0.4389728037880081,0.0,1.648,1.208,0.424,1.645,0.92,0.321,3.0
60936.0625,9698.275559431679,0.758728,0.7590698,0.614,0.6146,-2.3943657373987266,35.2139860887404,0.6201631880966506,0.43770375986714843,0.0,1.647,1.202,0.424,1.641,0.925,0.322,3.0
61599.859375,9803.922113296881,0.76239,0.7628356000000001,0.608,0.6108,-2.3513809500983527,34.996262126590686,0.6249068844830118,0.4375037581016829,0.0,1.648,1.193,0.424,1.641,0.915,0.323,3.0
62209.757813,9900.990464488606,0.765472,0.7659484000000001,0.605,0.6054,-2.3160097339820727,34.68686491722004,0.6298198583223631,0.43589436509934215,0.0,1.647,1.21,0.424,1.641,0.922,0.325,3.0
62831.855469,10000.000381526888,0.77063,0.7702330000000001,0.604,0.5988,-2.2675575664889918,34.308712772433694,0.6362221563684576,0.4341431123890715,0.0,1.648,1.207,0.424,1.645,0.927,0.327,3.0
63466.519531,10101.010304196969,0.772522,0.7733458000000001,0.596,0.5942,-2.2325253751726377,34.04515218667351,0.6407917320473953,0.43295459636934136,0.0,1.647,1.212,0.424,1.64,0.944,0.327,3.0
64114.140625,10204.08240255765,0.780151,0.7764892000000001,0.581,0.5898,-2.1972916078011266,33.79305075681595,0.6453028519221561,0.43187927366079065,0.0,1.647,1.208,0.425,1.641,0.931,0.33,3.0
64708.398438,10298.66147096758,0.777954,0.7796996,0.585,0.5851999999999999,-2.1614537716038726,33.52949017105577,0.6499588569534588,0.4306796379072423,0.0,1.647,1.203,0.424,1.641,0.948,0.33,3.0
65313.78125,10395.011137960251,0.781189,0.7826292000000001,0.583,0.5806,-2.128879050958336,33.265929585295595,0.6543826369920904,0.4292922420635134,0.0,1.647,1.206,0.424,1.641,0.949,0.331,3.0
65999.851563,10504.202619582806,0.786682,0.7846496000000002,0.581,0.5786,-2.1064848462440326,33.151338026269435,0.65693144973877,0.4290874795706326,0.0,1.648,1.206,0.424,1.646,0.956,0.334,3.0
66629.75,10604.454069477213,0.78717,0.787622,0.573,0.5746,-2.07364323145132,32.9221549082171,0.6611376012334899,0.4280718247201362,0.0,1.647,1.202,0.424,1.641,0.957,0.334,3.0
67199.84375,10695.18730781551,0.790253,0.7908630000000001,0.571,0.5708,-2.0379748432481675,32.70443094606739,0.6654866978743548,0.4273075469978122,0.0,1.647,1.206,0.424,1.641,0.961,0.335,3.0
67826.335938,10794.896636344167,0.792816,0.7931824000000001,0.565,0.5656,-2.01253861923089,32.40649289259936,0.6696578830862572,0.4250842731626198,0.0,1.647,1.202,0.424,1.641,0.965,0.336,3.0
68498.554688,10901.883573245721,0.797394,0.7959778000000002,0.564,0.5619999999999999,-1.981980893285475,32.20022808635226,0.6735492862324729,0.4241603672062804,0.0,1.648,1.204,0.424,1.645,0.975,0.338,3.0
69115.039063,11000.00010886589,0.798279,0.7986572000000001,0.555,0.5576,-1.952791775276357,31.9481266564947,0.6776826105075686,0.4226104619238468,0.0,1.647,1.202,0.424,1.641,0.972,0.338,3.0
69742.726563,11099.899677207883,0.801147,0.8013306,0.555,0.5538000000000001,-1.9237654552403187,31.730402694344995,0.6815574462123534,0.4214382256142114,0.0,1.647,1.201,0.424,1.641,0.975,0.34,3.0
70381.914063,11201.629527395435,0.80365,0.8034973999999999,0.549,0.5492000000000001,-1.900310484235008,31.46684210858482,0.6853369999384004,0.4194296941350158,0.0,1.647,1.204,0.424,1.641,0.977,0.341,3.0
71032.929688,11305.241882144244,0.806183,0.8059814000000001,0.546,0.5456000000000001,-1.8734996098180652,31.26057730233772,0.6889658657545186,0.41824879314958785,0.0,1.647,1.208,0.424,1.641,0.978,0.342,3.0
71621.804688,11398.964249257484,0.808228,0.8084596,0.541,0.5414000000000001,-1.8468335518974188,31.019935028382775,0.6928402166383484,0.4166285624398385,0.0,1.647,1.207,0.424,1.641,0.973,0.343,3.0
72220.523438,11494.253297841784,0.810699,0.8109254,0.537,0.5376000000000001,-1.8203819258515184,30.80221106623306,0.6965363736533059,0.4152554449288562,0.0,1.647,1.21,0.424,1.641,0.979,0.344,3.0
72906.171875,11603.377635813566,0.813538,0.8133180000000001,0.534,0.5334,-1.7947923195406499,30.56156879227811,0.7003345257927001,0.4135428890776798,0.0,1.647,1.206,0.424,1.641,0.99,0.345,3.0
73526.640625,11702.128304410115,0.815979,0.8157960000000001,0.53,0.5298,-1.7683685688115913,30.355303986031018,0.7039570252351434,0.41227129446286687,0.0,1.647,1.212,0.424,1.641,0.984,0.346,3.0
74137.882813,11799.410520056621,0.818146,0.8181154,0.525,0.526,-1.743708644217668,30.137580023881302,0.7075244386535753,0.41075780750352553,0.0,1.647,1.2,0.424,1.641,0.993,0.347,3.0
74799.828125,11904.762388517927,0.820618,0.8204408000000001,0.523,0.5222000000000001,-1.719055011556807,29.919856061731597,0.7110956861049649,0.40922613737095215,0.0,1.647,1.208,0.424,1.641,0.991,0.348,3.0
75398.226563,12000.000457864096,0.822296,0.8210268000000001,0.518,0.5196000000000001,-1.7128533277171276,29.77088703499758,0.7126659278286139,0.40766687580722205,0.0,1.647,1.206,0.424,1.641,0.993,0.349,3.0
76006.28125,12096.775366970342,0.825165,0.8232546000000001,0.515,0.516,-1.689316679092171,29.56462222875048,0.7160666472296423,0.4061978497560752,0.0,1.648,1.206,0.424,1.641,1.004,0.35,3.0
76624.210938,12195.121931298776,0.818909,0.8251894000000001,0.517,0.5126,-1.6689271881676233,29.369816578405995,0.7191297029995792,0.40470979248851535,0.0,1.648,1.201,0.426,1.645,1.007,0.349,3.0
77252.28125,12295.082426062843,0.829285,0.8282718,0.507,0.5022000000000001,-1.6365424944893527,28.77394047146995,0.7260015216104845,0.39869282072104245,0.0,1.647,1.196,0.423,1.641,1.007,0.351,3.0
77890.726563,12396.694153520646,0.830292,0.8304874,0.506,0.4988000000000001,-1.6133390439502944,28.579134821125468,0.72929852348662,0.3972819970738618,0.0,1.647,1.207,0.424,1.641,0.997,0.352,3.0
78539.820313,12500.0006323632,0.837708,0.8340578000000001,0.466,0.49440000000000006,-1.5760770363760392,28.327033391267904,0.7341823563828992,0.3957634158394301,0.0,1.647,1.208,0.424,1.641,1.002,0.355,3.0
79199.820313,12605.042894803852,0.836243,0.8359985999999999,0.498,0.49100000000000005,-1.5558889969800502,28.132227740923422,0.7372352231995118,0.39418001582516315,0.0,1.648,1.206,0.424,1.645,1.002,0.355,3.0
79767.0,12695.312345611215,0.836761,0.8380494,0.495,0.4874000000000001,-1.5346076103283317,27.92596293467633,0.7404614824346832,0.39248387211577423,0.0,1.647,1.207,0.424,1.641,1.022,0.355,3.0
80395.085938,12795.275327330426,0.838989,0.8390014,0.49,0.49080000000000007,-1.5247462897009079,28.12076858502081,0.7399623821612383,0.395447875437744,0.0,1.647,1.202,0.424,1.641,1.024,0.356,3.0
81033.148438,12896.826128206998,0.840546,0.8410216,0.488,0.4882000000000001,-1.5038570010371235,27.971799558286794,0.742772241725099,0.39447018719952853,0.0,1.647,1.205,0.424,1.64,1.027,0.356,3.0
81681.414063,13000.000806862305,0.842468,0.8429992000000001,0.483,0.4848,-1.4834567503462057,27.77699390794231,0.7458588620972104,0.3928641101344008,0.0,1.647,1.19,0.424,1.641,1.027,0.357,3.0
82340.132813,13104.83915203212,0.846344,0.8452210000000001,0.485,0.4828,-1.4605944238090383,27.662402348916146,0.7486109429276578,0.3924031026507858,0.0,1.648,1.201,0.424,1.645,1.033,0.359,3.0
82925.289063,13197.969661700738,0.846649,0.8470642,0.478,0.4794,-1.4416734545637189,27.467596698571665,0.7515762033772666,0.39070573253876595,0.0,1.647,1.21,0.424,1.641,1.028,0.359,3.0
83604.3125,13306.039598174535,0.850098,0.8494324,0.48,0.4772,-1.41742355367741,27.341545983642884,0.754537571658894,0.3901390202541388,0.0,1.648,1.208,0.424,1.645,1.033,0.36,3.0
84207.640625,13402.062251574649,0.849762,0.8509766,0.471,0.47280000000000005,-1.4016476380402856,27.089444553785324,0.7576216700818638,0.38751848829433605,0.0,1.647,1.206,0.424,1.641,1.035,0.36,3.0
84819.742188,13499.481241000374,0.854309,0.8526918000000001,0.472,0.46980000000000005,-1.3841582686997724,26.917557215246077,0.7603101877633947,0.3860203675590599,0.0,1.648,1.21,0.424,1.645,1.03,0.362,3.0
85440.804688,13598.326407844384,0.854065,0.8540772,0.463,0.46540000000000004,-1.3700574335575777,26.665455785388517,0.7632393639094107,0.3832930170757069,0.0,1.648,1.207,0.424,1.641,1.033,0.362,3.0
86071.03125,13698.630080454495,0.855225,0.8557556,0.463,0.4626,-1.3530050038100954,26.505027602751884,0.7658115831707566,0.38190347735109614,0.0,1.648,1.203,0.424,1.641,1.037,0.362,3.0
86750.09375,13806.706233997837,0.857025,0.8571044,0.458,0.4596000000000001,-1.3393255082700453,26.33314026421264,0.7681626807655565,0.3802026412039161,0.0,1.648,1.203,0.424,1.641,1.04,0.363,3.0
87353.125,13902.68163827422,0.858154,0.858679,0.457,0.4572000000000001,-1.323383163025726,26.195630393381244,0.7704858299641569,0.379053044923061,0.0,1.647,1.2,0.424,1.641,1.036,0.364,3.0
87964.59375,13999.999912382942,0.861053,0.8600034,0.457,0.45380000000000004,-1.3099966356328407,26.00082474303676,0.7729605089077048,0.37701180310528976,0.0,1.648,1.206,0.424,1.645,1.052,0.365,3.0
88584.6875,14098.690897875833,0.861938,0.8620053999999999,0.451,0.452,-1.2898002709104643,25.89769233991321,0.7754388274838362,0.37649426882710074,0.0,1.647,1.203,0.424,1.641,1.041,0.365,3.0
89213.585938,14198.783192986306,0.861847,0.8636534,0.446,0.44880000000000003,-1.2732102584755696,25.71434584547135,0.7781244327883912,0.3747259831254092,0.0,1.647,1.206,0.424,1.641,1.055,0.365,3.0
89851.476563,14300.306639107033,0.867035,0.8647826,0.449,0.445,-1.2618611452024093,25.496621883321634,0.7805619980089971,0.3722524849171087,0.0,1.648,1.21,0.424,1.645,1.054,0.368,3.0
90498.554688,14403.29232126742,0.866394,0.8661866,0.441,0.4418,-1.2477707827324367,25.31327538887977,0.7830184002974055,0.3703530893826214,0.0,1.647,1.206,0.424,1.641,1.05,0.367,3.0
91060.664063,14492.754806856965,0.866699,0.8682618000000002,0.438,0.44020000000000004,-1.226986115079083,25.221602141658842,0.7854873265563006,0.36998407149318735,0.0,1.647,1.205,0.424,1.641,1.048,0.368,3.0
91725.335938,14598.540621297374,0.868958,0.8690674000000002,0.435,0.43660000000000004,-1.2189308159521892,25.015337335411743,0.7875442067743248,0.36749458243484334,0.0,1.647,1.202,0.424,1.641,1.053,0.368,3.0
92399.789063,14705.8831700249,0.872223,0.8703796000000001,0.438,0.4338000000000001,-1.2058259308419852,24.854909152775114,0.7897607606715532,0.36583956729644473,0.0,1.648,1.199,0.424,1.645,1.061,0.37,3.0
92946.53125,14792.899891682822,0.871063,0.8718628000000002,0.431,0.43100000000000005,-1.1910370419670115,24.694480970138486,0.7921295732844973,0.3642464566086546,0.0,1.647,1.198,0.424,1.641,1.062,0.369,3.0
93592.632813,14895.730149173673,0.872955,0.8736388,0.427,0.42919999999999997,-1.173361726950959,24.591348567014933,0.7943988482475952,0.36355910491739074,0.0,1.647,1.194,0.424,1.641,1.056,0.37,3.0
94247.78125,15000.00026138115,0.874115,0.8750182000000001,0.424,0.42660000000000003,-1.159658274928168,24.44237954028092,0.7965971910004086,0.36206320666632047,0.0,1.647,1.201,0.424,1.641,1.063,0.371,3.0
94912.171875,15105.741313493814,0.877838,0.8763428,0.426,0.42440000000000005,-1.1465195426983477,24.31632882535214,0.798598891032607,0.3608552540192956,0.0,1.648,1.206,0.424,1.645,1.062,0.372,3.0
95489.140625,15197.568742065867,0.87912,0.87771,0.425,0.4218,-1.1329790714900676,24.167359798618126,0.8007817840684661,0.3593374158143353,0.0,1.648,1.206,0.424,1.645,1.062,0.372,3.0
96171.203125,15306.122360438483,0.877686,0.8790772,0.42,0.4192,-1.119459675731013,24.01839077188411,0.8029621744477998,0.35781066217470536,0.0,1.648,1.204,0.424,1.641,1.061,0.372,3.0
96763.640625,15400.411717036488,0.879791,0.8801514000000001,0.414,0.4152,-1.1088523177005676,23.78920765383178,0.8053699209015149,0.3550292627785036,0.0,1.648,1.206,0.424,1.642,1.071,0.373,3.0
97363.414063,15495.868624429408,0.880951,0.8808350000000001,0.411,0.4118,-1.1021087398343945,23.5944020034873,0.8071988153339141,0.3525625756493814,0.0,1.648,1.201,0.424,1.641,1.067,0.373,3.0
97970.664063,15592.515463621961,0.883209,0.882489,0.406,0.409,-1.0858139855240285,23.433973820850667,0.8097004014207334,0.3509588224565713,0.0,1.647,1.206,0.424,1.641,1.07,0.375,3.0
98656.492188,15701.668399827158,0.882538,0.8836854000000001,0.408,0.4066,-1.0740464047545841,23.296463950019273,0.8116392283042969,0.3494876954211199,0.0,1.647,1.206,0.424,1.641,1.073,0.374,3.0
99240.828125,15794.668352626943,0.885956,0.8847230000000001,0.406,0.40440000000000004,-1.0638536459747812,23.170413235090493,0.8133600422238042,0.348109506395174,0.0,1.648,1.208,0.423,1.641,1.073,0.375,3.0
99931.375,15904.572301219852,0.885773,0.8855898000000001,0.402,0.40320000000000006,-1.0553478838971047,23.101658299674796,0.8145744793428067,0.3474733248285909,0.0,1.647,1.204,0.424,1.641,1.077,0.375,3.0
100530.96875,16000.000610379358,0.886139,0.8868532000000001,0.4,0.40080000000000005,-1.042965251759125,22.964148428843398,0.8165693430430271,0.34601026914315625,0.0,1.648,1.21,0.424,1.641,1.086,0.376,3.0
101137.789063,16096.57906276188,0.887543,0.8874880000000002,0.4,0.3982000000000001,-1.0367502092661771,22.815179402109386,0.8180513422629262,0.34413217165185983,0.0,1.647,1.21,0.424,1.641,1.078,0.376,3.0
101751.992188,16194.33252616812,0.888855,0.8884646000000002,0.396,0.3964000000000001,-1.02719743102698,22.712046998985837,0.819570326030997,0.3430361878032777,0.0,1.647,1.203,0.424,1.641,1.081,0.377,3.0
102373.695313,16293.279651647548,0.88913,0.8896242000000001,0.393,0.39440000000000003,-1.015868234136203,22.59745543995967,0.8213253331666259,0.34184194348319974,0.0,1.647,1.206,0.424,1.641,1.083,0.377,3.0
103003.046875,16393.444063682455,0.890656,0.8906496,0.393,0.3916,-1.0058624561263394,22.437027257323038,0.8232270465484596,0.33993225767976265,0.0,1.647,1.204,0.424,1.641,1.077,0.378,3.0
103640.171875,16494.845656799876,0.891937,0.891559,0.39,0.38880000000000003,-0.996998231453191,22.27659907468641,0.8250171551636979,0.33797062618902085,0.0,1.647,1.215,0.424,1.641,1.085,0.378,3.0
104285.234375,16597.510542278094,0.89267,0.8927001999999999,0.386,0.3864,-0.9858873585412238,22.13908920385501,0.8268829691513331,0.3364196819562069,0.0,1.647,1.2,0.424,1.641,1.084,0.378,3.0
104925.492188,16699.41073807025,0.893402,0.8938048000000001,0.382,0.38420000000000004,-0.9751463475540157,22.01303848892623,0.828645163893822,0.33501375025276336,0.0,1.648,1.211,0.424,1.641,1.088,0.379,3.0
105547.585938,16798.420033449325,0.894836,0.8946898,0.381,0.38160000000000005,-0.9665502769177483,21.864069462192216,0.8303347397713698,0.3331877220919933,0.0,1.647,1.204,0.424,1.641,1.085,0.379,3.0
106177.085938,16898.608070125672,0.896179,0.8958678,0.382,0.37960000000000005,-0.9551214577947386,21.749477903166053,0.83209359573329,0.33196289403558965,0.0,1.647,1.204,0.424,1.641,1.089,0.38,3.0
106814.15625,17000.00095937757,0.896362,0.8969725999999999,0.377,0.3778,-0.9444164646600338,21.646345500042504,0.8337166683788472,0.33087212336193444,0.0,1.647,1.201,0.424,1.641,1.092,0.38,3.0
107458.90625,17102.61610893607,0.89856,0.8979676000000001,0.376,0.37540000000000007,-0.9347866607533418,21.50883562921111,0.8354340688430061,0.32923506384675905,0.0,1.647,1.199,0.424,1.641,1.081,0.381,3.0
108111.492188,17206.478386761028,0.898926,0.8998842,0.373,0.3738,-0.9162674675843685,21.417162381990174,0.8377440273864374,0.328597805817373,0.0,1.647,1.194,0.424,1.641,1.085,0.381,3.0
108661.398438,17293.998684685655,0.899811,0.9011416000000001,0.369,0.3726,-0.9041392244404955,21.348407446574473,0.8393088637188169,0.3280500183410887,0.0,1.648,1.21,0.424,1.641,1.094,0.381,3.0
109328.71875,17400.20601096608,0.905762,0.9019532,0.374,0.3708000000000001,-0.8963199256367553,21.24527504345093,0.8406544355948887,0.326832824093418,0.0,1.648,1.196,0.423,1.645,1.087,0.382,3.0
110004.28125,17507.7251222086,0.902649,0.9028016000000001,0.371,0.369,-0.8881535982090529,21.14214264032738,0.8420326654197579,0.3256251208501247,0.0,1.648,1.206,0.424,1.645,1.101,0.383,3.0
110554.585938,17595.308833510444,0.902618,0.9036988,0.367,0.36740000000000006,-0.8795258881636905,21.05046939310645,0.843389912403006,0.3245997177729674,0.0,1.647,1.206,0.424,1.641,1.097,0.383,3.0
111206.820313,17699.115158346147,0.903168,0.9035644,0.364,0.36400000000000005,-0.8808177681394547,20.85566374276197,0.8443630803833885,0.3216824729960207,0.0,1.648,1.206,0.424,1.641,1.096,0.383,3.0
111866.804688,17804.154933990812,0.904297,0.9043943999999999,0.361,0.3612,-0.8728427092984469,20.695235560125337,0.8460369231690448,0.3196103180218306,0.0,1.647,1.206,0.424,1.641,1.099,0.383,3.0
112422.804688,17892.645082349907,0.90509,0.9057312000000001,0.357,0.3600000000000001,-0.8600134344911047,20.626480624709643,0.8476709531860044,0.31906576403332726,0.0,1.648,1.2,0.424,1.641,1.096,0.384,3.0
113097.335938,18000.00006505736,0.906799,0.9066406000000001,0.357,0.358,-0.8512967366261519,20.51188906568347,0.8491591325325014,0.3176884404648837,0.0,1.648,1.2,0.424,1.642,1.092,0.384,3.0
113780.023438,18108.65315526941,0.909302,0.9075378000000002,0.361,0.35660000000000003,-0.8427055409437376,20.43167497436516,0.8504438204083014,0.31681251041929076,0.0,1.648,1.206,0.424,1.645,1.104,0.385,3.0
114355.25,18200.203306009465,0.907715,0.9084228000000001,0.354,0.355,-0.8342394839838496,20.340001727144223,0.851779448783442,0.31575901284051383,0.0,1.647,1.204,0.424,1.641,1.1,0.385,3.0
114936.320313,18292.68351860737,0.908783,0.9092042000000001,0.354,0.3536,-0.8267713350387612,20.259787635825912,0.8529537330114602,0.3148367936557846,0.0,1.647,1.209,0.423,1.641,1.103,0.385,3.0
115641.453125,18404.908891173458,0.909515,0.9095216000000002,0.349,0.35059999999999997,-0.823739650549422,20.087900297286662,0.8541924952306778,0.31238553416915604,0.0,1.647,1.206,0.424,1.641,1.107,0.385,3.0
116235.703125,18499.486716105817,0.910706,0.9103090000000001,0.35,0.3484,-0.8162232697084739,19.961849582357882,0.8556177688299833,0.3107743701520471,0.0,1.647,1.206,0.424,1.641,1.109,0.386,3.0
116810.6875,18590.99832158767,0.910889,0.9109438,0.346,0.3458,-0.8101683135096099,19.812880555623867,0.8570201120519535,0.30876388114042236,0.0,1.647,1.207,0.424,1.641,1.106,0.386,3.0
117500.515625,18700.787877565235,0.911652,0.9116945999999999,0.343,0.34380000000000005,-0.803012350693155,19.698288996597704,0.858342789005596,0.3073022945427757,0.0,1.648,1.206,0.424,1.641,1.104,0.386,3.0
118081.625,18793.274307073527,0.911957,0.9126832,0.341,0.34220000000000006,-0.7935988713834767,19.606615749376775,0.8597646534882672,0.306260288275251,0.0,1.647,1.206,0.424,1.641,1.106,0.387,3.0
118786.59375,18905.47356836134,0.913269,0.9134034,0.339,0.34060000000000007,-0.7867475226668486,19.514942502155844,0.8609323969233772,0.3051248581471665,0.0,1.647,1.206,0.423,1.641,1.106,0.387,3.0
119380.523438,19000.00041405557,0.915649,0.9140502000000001,0.342,0.3386,-0.7805990397149505,19.400350943129673,0.8621509994678374,0.3036172298086019,0.0,1.648,1.221,0.424,1.645,1.114,0.388,3.0
119980.421875,19095.47721565722,0.91449,0.9149961999999999,0.338,0.3366,-0.7716141912930709,19.28575938410351,0.8636494226057493,0.3022047664203789,0.0,1.649,1.202,0.424,1.642,1.108,0.388,3.0
120586.390625,19191.920137578938,0.914886,0.916217,0.333,0.33580000000000004,-0.7600330868743704,19.239922760493048,0.8650435246732691,0.30191603387340515,0.0,1.648,1.207,0.424,1.641,1.112,0.388,3.0
121321.671875,19308.943783079223,0.916687,0.9166138,0.331,0.33260000000000006,-0.7562721711780256,19.056576266051184,0.8663802793384949,0.2992759093608963,0.0,1.648,1.197,0.423,1.641,1.101,0.388,3.0
121941.289063,19407.558921374126,0.919373,0.9175842000000001,0.335,0.3308000000000001,-0.7470814642955669,18.95344386292764,0.8678353597841053,0.2980311265590101,0.0,1.648,1.206,0.424,1.645,1.124,0.39,3.0
122567.273438,19507.187428953664,0.917633,0.9186096,0.326,0.33020000000000005,-0.737380405332497,18.919066395219787,0.8689840275838602,0.29784283945781365,0.0,1.647,1.201,0.424,1.641,1.115,0.389,3.0
123199.71875,19607.844226593763,0.919342,0.918933,0.329,0.3284000000000001,-0.7343230430292201,18.81593399209624,0.8698248540266705,0.2963824924088486,0.0,1.647,1.199,0.424,1.641,1.103,0.389,3.0
123806.609375,19704.433869478642,0.920013,0.9189756,0.33,0.3256000000000001,-0.7339203909075119,18.655505809459612,0.8706916759619975,0.2939594509551409,0.0,1.648,1.206,0.424,1.645,1.117,0.39,3.0
124419.515625,19801.98092881806,0.918304,0.9212828000000001,0.322,0.32200000000000006,-0.7121407374925358,18.44924100321251,0.8739329056651218,0.291553209503098,0.0,1.647,1.207,0.424,1.641,1.119,0.389,3.0
125038.523438,19900.499082069513,0.919586,0.9232482000000002,0.321,0.3178,-0.6936306078657903,18.208598729257563,0.877016700390888,0.2884942738404348,0.0,1.647,1.208,0.424,1.641,1.119,0.39,3.0
125663.710938,20000.000763053777,0.929169,0.9250794000000001,0.308,0.3134,-0.6764197992306874,17.956497299400002,0.8800195854295272,0.28519716962972014,0.0,1.648,1.206,0.421,1.645,1.119,0.39,3.0
